399
0	0	0	0	0	1	22	
1	0	0	0	0	1	47	
2	0	0	0	0	1	86	
3	0	0	0	0	1	97	
4	0	0	0	0	1	110	
5	0	0	0	0	1	137	
6	0	0	0	0	1	156	
7	0	0	0	0	1	161	
8	0	0	0	0	1	192	
9	0	0	0	0	1	220	
10	0	0	0	0	1	226	
11	0	0	0	0	1	236	
12	0	0	0	0	1	245	
13	0	0	0	0	1	256	
14	0	0	0	0	1	272	
15	0	0	0	0	1	278	
16	0	0	0	0	1	282	
17	0	0	0	0	1	286	
18	0	0	0	0	1	290	
19	0	0	0	0	1	294	
20	0	0	0	0	1	298	
21	0	0	0	0	1	304	
22	1	0	0	0	10	28	
23	0	0	0	0	1	22	
24	2	0	0	0	10	26	
25	0	0	0	0	1	24	
26	0	0	0	0	10	26	
27	0	0	0	0	1	22	
28	0	19	10	0	0	0	
29	0	2	5	0	0	0	
30	0	6	10	0	0	0	
31	0	2	6	0	0	0	
32	0	20	7	0	0	0	
33	0	19	10	0	0	0	
34	0	2	5	0	0	0	
35	0	6	10	0	0	0	
36	0	2	5	0	0	0	
37	0	6	8	0	0	0	
38	0	20	9	0	0	0	
39	0	20	11	0	0	0	
40	0	20	12	0	0	0	
41	0	19	10	0	0	0	
42	0	2	13	0	0	0	
43	0	9	10	0	0	0	
44	0	2	5	0	0	0	
45	0	6	10	0	0	0	
46	0	2	2	0	2	0	
47	0	8	11	0	0	0	
48	0	9	10	0	0	0	
49	0	2	12	0	0	0	
50	0	13	10	0	0	0	
51	0	2	5	0	0	0	
52	0	6	10	0	0	0	
53	0	2	5	0	0	0	
54	0	6	10	0	0	0	
55	0	2	2	0	0	0	
56	0	3	0	0	9	61	
57	0	12	10	0	0	0	
58	0	2	11	0	0	0	
59	0	0	3	1	0	0	
60	0	4	2	0	1	56	
61	0	12	10	0	0	0	
62	0	2	5	0	0	0	
63	0	6	11	0	0	0	
64	0	9	10	0	0	0	
65	0	2	12	0	0	0	
66	0	13	10	0	0	0	
67	0	2	5	0	0	0	
68	0	6	10	0	0	0	
69	0	2	12	0	0	0	
70	0	13	10	0	0	0	
71	0	2	2	0	0	0	
72	0	3	0	0	9	77	
73	0	12	10	0	0	0	
74	0	2	11	0	0	0	
75	0	0	3	1	0	0	
76	0	4	2	0	1	72	
77	0	12	10	0	0	0	
78	0	2	5	0	0	0	
79	0	6	11	0	0	0	
80	0	7	12	0	11	325	
81	0	11	6	0	0	0	
82	0	9	10	0	0	0	
83	0	2	8	0	0	0	
84	0	9	10	0	0	0	
85	0	2	8	0	1	43	
86	0	7	12	0	0	0	
87	0	9	10	0	0	0	
88	0	2	11	0	0	0	
89	0	12	10	0	0	0	
90	0	2	5	0	0	0	
91	0	6	11	0	11	325	
92	0	11	6	0	0	0	
93	0	9	10	0	0	0	
94	0	2	8	0	0	0	
95	0	9	10	0	0	0	
96	0	2	8	0	1	43	
97	0	8	12	0	0	0	
98	0	9	10	0	0	0	
99	0	2	11	0	0	0	
100	0	12	10	0	0	0	
101	0	2	5	0	0	0	
102	0	6	11	0	11	325	
103	0	11	11	0	0	0	
104	0	7	12	0	11	325	
105	0	11	6	0	0	0	
106	0	9	10	0	0	0	
107	0	2	8	0	0	0	
108	0	9	10	0	0	0	
109	0	2	8	0	1	43	
110	0	10	12	0	0	0	
111	0	9	10	0	0	0	
112	0	2	11	0	11	325	
113	0	11	12	0	0	0	
114	0	8	11	0	11	325	
115	0	11	12	0	0	0	
116	0	7	10	0	0	0	
117	0	2	11	0	0	0	
118	0	12	10	0	0	0	
119	0	2	11	0	11	325	
120	0	11	9	0	0	0	
121	0	7	10	0	0	0	
122	0	2	5	0	0	0	
123	0	6	10	0	0	0	
124	0	2	12	0	0	0	
125	0	7	10	0	0	0	
126	0	2	11	0	0	0	
127	0	12	10	0	0	0	
128	0	2	5	0	0	0	
129	0	6	11	0	11	325	
130	0	11	7	0	0	0	
131	0	7	10	0	0	0	
132	0	2	5	0	0	0	
133	0	6	10	0	0	0	
134	0	2	5	0	0	0	
135	0	6	8	0	0	0	
136	0	20	6	0	1	43	
137	0	10	10	0	0	0	
138	0	2	5	0	0	0	
139	0	6	12	0	0	0	
140	0	7	10	0	0	0	
141	0	2	5	0	0	0	
142	0	6	11	0	11	325	
143	0	11	6	0	0	0	
144	0	10	10	0	0	0	
145	0	2	9	0	0	0	
146	0	10	10	0	0	0	
147	0	2	5	0	0	0	
148	0	6	7	0	0	0	
149	0	10	10	0	0	0	
150	0	2	9	0	0	0	
151	0	10	10	0	0	0	
152	0	2	5	0	0	0	
153	0	6	8	0	0	0	
154	0	10	10	0	0	0	
155	0	2	9	0	1	43	
156	0	8	12	0	0	0	
157	0	20	11	0	11	325	
158	0	11	7	0	0	0	
159	0	9	10	0	0	0	
160	0	2	8	0	1	43	
161	0	10	12	0	0	0	
162	0	9	10	0	0	0	
163	0	2	11	0	11	325	
164	0	11	12	0	0	0	
165	0	8	10	0	0	0	
166	0	2	11	0	11	325	
167	0	11	12	0	0	0	
168	0	7	10	0	0	0	
169	0	2	11	0	0	0	
170	0	12	10	0	0	0	
171	0	2	11	0	11	325	
172	0	11	9	0	0	0	
173	0	7	10	0	0	0	
174	0	2	5	0	0	0	
175	0	6	10	0	0	0	
176	0	2	7	0	0	0	
177	0	8	10	0	0	0	
178	0	2	12	0	0	0	
179	0	7	10	0	0	0	
180	0	2	11	0	0	0	
181	0	12	10	0	0	0	
182	0	2	5	0	0	0	
183	0	6	11	0	0	0	
184	0	8	10	0	0	0	
185	0	23	1	0	0	0	
186	0	7	10	0	0	0	
187	0	2	5	0	0	0	
188	0	6	10	0	0	0	
189	0	2	5	0	0	0	
190	0	6	8	0	0	0	
191	0	20	6	0	1	43	
192	0	10	12	0	0	0	
193	0	9	10	0	0	0	
194	0	2	11	0	0	0	
195	0	12	10	0	0	0	
196	0	2	11	0	0	0	
197	0	12	10	0	0	0	
198	0	2	11	0	11	325	
199	0	11	9	0	0	0	
200	0	7	10	0	0	0	
201	0	2	5	0	0	0	
202	0	6	10	0	0	0	
203	0	2	2	0	0	0	
204	0	21	10	0	0	0	
205	0	2	0	0	5	213	
206	0	9	10	0	0	0	
207	0	2	8	0	0	0	
208	0	9	10	0	0	0	
209	0	2	8	0	0	0	
210	0	9	10	0	0	0	
211	0	2	5	0	0	0	
212	0	6	8	0	1	218	
213	0	9	10	0	0	0	
214	0	2	8	0	0	0	
215	0	9	10	0	0	0	
216	0	2	5	0	0	0	
217	0	6	8	0	0	0	
218	0	7	10	0	0	0	
219	0	2	6	0	1	43	
220	0	10	8	0	0	0	
221	0	9	10	0	0	0	
222	0	2	5	0	0	0	
223	0	6	8	0	0	0	
224	0	10	10	0	0	0	
225	0	2	9	0	1	43	
226	0	7	10	0	0	0	
227	0	2	12	0	0	0	
228	0	7	10	0	0	0	
229	0	2	5	0	0	0	
230	0	6	10	0	0	0	
231	0	2	5	0	0	0	
232	0	6	11	0	11	325	
233	0	11	6	0	0	0	
234	0	9	10	0	0	0	
235	0	2	8	0	1	43	
236	0	7	10	0	0	0	
237	0	2	12	0	0	0	
238	0	7	10	0	0	0	
239	0	2	5	0	0	0	
240	0	6	10	0	0	0	
241	0	2	11	0	11	325	
242	0	11	6	0	0	0	
243	0	9	10	0	0	0	
244	0	2	8	0	1	43	
245	0	7	10	0	0	0	
246	0	2	5	0	0	0	
247	0	6	10	0	0	0	
248	0	2	0	0	8	250	
249	0	22	11	0	1	251	
250	0	21	11	0	0	0	
251	0	7	10	0	0	0	
252	0	2	12	0	11	325	
253	0	11	6	0	0	0	
254	0	9	10	0	0	0	
255	0	2	8	0	1	43	
256	0	7	10	0	0	0	
257	0	2	12	0	0	0	
258	0	13	10	0	0	0	
259	0	2	5	0	0	0	
260	0	6	12	0	0	0	
261	0	7	10	0	0	0	
262	0	2	5	0	0	0	
263	0	6	11	0	11	325	
264	0	11	11	0	0	0	
265	0	7	10	0	0	0	
266	0	2	12	0	0	0	
267	0	13	10	0	0	0	
268	0	2	12	0	11	325	
269	0	11	6	0	0	0	
270	0	9	10	0	0	0	
271	0	2	8	0	1	43	
272	0	0	0	0	11	309	
273	0	2	0	0	5	275	
274	0	22	11	0	1	276	
275	0	21	11	0	0	0	
276	0	0	0	0	11	318	
277	0	0	0	0	1	43	
278	0	0	0	0	11	309	
279	0	2	3	2	11	331	
280	0	11	11	0	11	318	
281	0	0	0	0	1	43	
282	0	0	0	0	11	309	
283	0	2	3	3	11	331	
284	0	11	11	0	11	318	
285	0	0	0	0	1	43	
286	0	0	0	0	11	309	
287	0	2	3	4	11	331	
288	0	11	11	0	11	318	
289	0	0	0	0	1	43	
290	0	0	0	0	11	309	
291	0	2	3	5	11	331	
292	0	11	11	0	11	318	
293	0	0	0	0	1	43	
294	0	0	0	0	11	309	
295	0	2	3	6	11	331	
296	0	11	11	0	11	318	
297	0	0	0	0	1	43	
298	0	0	0	0	11	309	
299	0	2	0	0	6	301	
300	0	22	11	0	1	302	
301	0	21	11	0	0	0	
302	0	0	0	0	11	318	
303	0	0	0	0	1	43	
304	0	7	10	0	0	0	
305	0	2	5	0	0	0	
306	0	6	6	0	0	0	
307	0	19	10	0	0	0	
308	0	7	1	0	1	22	
309	0	7	10	0	0	0	
310	0	2	11	0	0	0	
311	0	12	10	0	0	0	
312	0	2	5	0	0	0	
313	0	6	10	0	0	0	
314	0	2	2	0	0	0	
315	0	7	10	0	0	0	
316	0	2	5	0	0	0	
317	0	6	10	0	12	0	
318	0	7	10	0	0	0	
319	0	2	12	0	0	0	
320	0	13	10	0	0	0	
321	0	2	12	0	11	325	
322	0	11	6	0	0	0	
323	0	9	10	0	0	0	
324	0	2	8	0	12	0	
325	0	14	0	0	7	329	
326	0	14	10	0	0	0	
327	0	2	13	0	0	0	
328	0	23	1	0	12	0	
329	0	0	0	0	11	337	
330	0	0	0	0	1	326	
331	0	14	0	0	7	335	
332	0	14	10	0	0	0	
333	0	2	13	0	0	0	
334	0	4	1	0	12	0	
335	0	0	0	0	11	337	
336	0	0	0	0	1	332	
337	0	7	15	0	11	357	
338	0	8	15	0	11	357	
339	0	9	15	0	11	357	
340	0	10	15	0	11	357	
341	0	12	15	0	11	357	
342	0	13	15	0	11	357	
343	0	20	15	0	11	357	
344	0	21	15	0	11	357	
345	0	22	15	0	11	357	
346	0	19	2	0	0	0	
347	0	1	10	1	0	0	
348	0	3	0	0	9	355	
349	0	2	2	0	3	352	
350	0	14	1	0	0	0	
351	0	11	13	0	1	353	
352	0	1	1	9	0	0	
353	0	11	2	0	0	0	
354	0	1	10	1	1	348	
355	0	14	0	0	7	24	
356	0	0	0	0	12	0	
357	0	20	14	0	0	0	
358	0	16	10	0	0	0	
359	0	2	0	0	3	372	
360	0	2	2	0	0	0	
361	0	1	1	7	8	372	
362	0	15	17	0	0	0	
363	0	16	14	0	0	0	
364	0	16	10	0	0	0	
365	0	2	5	0	0	0	
366	0	6	15	0	0	0	
367	0	15	10	0	0	0	
368	0	2	2	0	0	0	
369	0	0	4	11	0	0	
370	0	5	2	0	0	0	
371	0	1	1	8	1	358	
372	0	15	0	0	9	398	
373	0	15	10	0	0	0	
374	0	2	0	0	4	383	
375	0	16	17	0	0	0	
376	0	15	15	0	0	0	
377	0	16	14	0	0	0	
378	0	15	10	0	0	0	
379	0	2	14	0	0	0	
380	0	16	10	0	0	0	
381	0	2	2	0	0	0	
382	0	1	1	12	1	372	
383	0	16	16	0	0	0	
384	0	15	15	0	0	0	
385	0	16	10	0	0	0	
386	0	2	15	0	0	0	
387	0	15	10	0	0	0	
388	0	2	5	0	0	0	
389	0	6	17	0	0	0	
390	0	15	10	0	0	0	
391	0	2	2	0	0	0	
392	0	1	1	12	0	0	
393	0	17	17	0	0	0	
394	0	2	2	0	0	0	
395	0	0	4	11	0	0	
396	0	5	2	0	0	0	
397	0	1	1	10	1	358	
398	0	0	0	0	12	0	